-2511.13085922992 -6654.249998228633 -3506.328734582435
-6025.276038033637 -4904.117270632065 -3625.084625197229
-505.5598710253189 -6488.439888913265 -3961.1382854915832
6654.249998228633 -2511.1308592299206 -3506.328734582435
4904.117270632065 -6025.276038033637 -3625.084625197229
6488.439888913265 -505.5598710253192 -3961.1382854915832
2511.130859229921 6654.249998228633 -3506.328734582435
6025.276038033638 4904.117270632064 -3625.084625197229
505.5598710253197 6488.439888913265 -3961.1382854915832
-6654.249998228632 2511.1308592299215 -3506.328734582435
-4904.117270632064 6025.276038033638 -3625.084625197229
-6488.439888913265 505.55987102532 -3961.1382854915832
7061.7781341001655 -846.2333105280817 -2681.3297345824353
6203.199433085623 -4677.032641748419 -2800.085625197229
6420.966838431883 1061.4272631650192 -3136.1392854915835
846.233310528082 7061.778134100166 -2681.3297345824353
4677.032641748419 6203.199433085623 -2800.085625197229
-1061.4272631650188 6420.966838431883 -3136.1392854915835
-7061.778134100166 846.2333105280826 -2681.3297345824353
-6203.199433085623 4677.032641748421 -2800.085625197229
-6420.966838431883 -1061.4272631650183 -3136.1392854915835
-846.2333105280832 -7061.7781341001655 -2681.3297345824353
-4677.03264174842 -6203.199433085622 -2800.085625197229
1061.427263165018 -6420.966838431883 -3136.1392854915835
1828.0069723113231 -6873.369751459885 -1856.330734582435
-2048.481677678946 -7493.866849285998 -1975.0866251972288
3362.932871576233 -5571.905013234158 -2311.140285491583
6873.369751459885 1828.0069723113227 -1856.330734582435
7493.866849285998 -2048.481677678946 -1975.0866251972288
5571.905013234158 3362.9328715762326 -2311.140285491583
-1828.0069723113222 6873.369751459886 -1856.330734582435
2048.4816776789476 7493.866849285998 -1975.0866251972288
-3362.9328715762326 5571.905013234158 -2311.140285491583
-6873.369751459886 -1828.0069723113215 -1856.330734582435
-7493.866849285998 2048.481677678947 -1975.0866251972288
-5571.905013234158 -3362.932871576232 -2311.140285491583
4786.04598779486 5261.04410110914 -1031.3317345824348
7408.225571899494 2339.3399527363345 -1150.0876251972286
2860.459155438966 5845.7862084836215 -1486.1412854915827
-5261.04410110914 4786.04598779486 -1031.3317345824348
-2339.3399527363345 7408.225571899494 -1150.0876251972286
-5845.7862084836215 2860.4591554389663 -1486.1412854915827
-4786.045987794861 -5261.044101109139 -1031.3317345824348
-7408.225571899494 -2339.339952736333 -1150.0876251972286
-2860.4591554389667 -5845.7862084836215 -1486.1412854915827
5261.044101109139 -4786.045987794861 -1031.3317345824348
2339.339952736333 -7408.225571899494 -1150.0876251972286
5845.7862084836215 -2860.459155438967 -1486.1412854915827
75.50031697021996 7111.8999524205865 -206.33273458243514
3976.811436481651 6673.776167754112 -325.08862519722874
-1751.4255248902216 6268.010179155338 -661.142285491583
-7111.8999524205865 75.50031697022025 -206.33273458243514
-6673.776167754112 3976.8114364816506 -325.08862519722874
-6268.010179155338 -1751.425524890221 -661.142285491583
-75.50031697022087 -7111.899952420587 -206.33273458243514
-3976.8114364816515 -6673.776167754111 -325.08862519722874
1751.4255248902207 -6268.010179155338 -661.142285491583
7111.8999524205865 -75.50031697022156 -206.33273458243514
6673.776167754111 -3976.8114364816515 -325.08862519722874
6268.010179155338 1751.4255248902202 -661.142285491583
3997.8042374668526 -5882.378983880129 618.6662654175647
544.50194549866 -7749.6990373795925 499.91037480277106
5016.0852338249815 -4146.604864492745 163.8567145084168
5882.378983880129 3997.804237466852 618.6662654175647
7749.6990373795925 544.5019454986601 499.91037480277106
4146.604864492745 5016.085233824982 163.8567145084168
-3997.804237466852 5882.37898388013 618.6662654175647
-544.5019454986589 7749.6990373795925 499.91037480277106
-5016.0852338249815 4146.604864492745 163.8567145084168
-5882.378983880129 -3997.8042374668507 618.6662654175647
-7749.6990373795925 -544.5019454986588 499.91037480277106
-4146.604864492746 -5016.0852338249815 163.8567145084168
-3753.7894685983388 6041.016955492076 1443.6652654175655
-226.98043596679057 7765.4875841960065 1324.9093748027717
-4842.234070364469 4348.357412061878 988.8557145084175
-6041.016955492076 -3753.7894685983383 1443.6652654175655
-7765.4875841960065 -226.98043596679065 1324.9093748027717
-4348.357412061878 -4842.234070364469 988.8557145084175
3753.789468598338 -6041.016955492076 1443.6652654175655
226.9804359667894 -7765.4875841960065 1324.9093748027717
4842.234070364468 -4348.357412061878 988.8557145084175
6041.016955492076 3753.789468598337 1443.6652654175655
7765.4875841960065 226.98043596678917 1324.9093748027717
4348.357412061878 4842.234070364468 988.8557145084175
6542.419657966458 -2789.5458860102317 2268.6642654175653
4645.631726815239 -6226.750629134081 2149.9083748027715
6461.343984972917 -778.7662570285277 1813.8547145084174
2789.545886010232 6542.419657966458 2268.6642654175653
6226.7506291340815 4645.631726815239 2149.9083748027715
778.7662570285281 6461.343984972917 1813.8547145084174
-6542.419657966458 2789.5458860102326 2268.6642654175653
-4645.631726815237 6226.7506291340815 2149.9083748027715
-6461.343984972917 778.7662570285285 1813.8547145084174
-2789.545886010233 -6542.419657966457 2268.6642654175653
-6226.750629134082 -4645.631726815238 2149.9083748027715
-778.7662570285289 -6461.343984972917 1813.8547145084174
-6891.151200107885 -1759.788728329112 3093.663265417565
-7473.194284687293 2122.659822470666 2974.9073748027713
-5604.96449256697 -3307.5392684434464 2638.853714508417
1759.7887283291118 -6891.151200107886 3093.663265417565
-2122.659822470666 -7473.194284687293 2974.9073748027713
3307.539268443446 -5604.96449256697 2638.853714508417
6891.151200107886 1759.7887283291116 3093.663265417565
7473.194284687293 -2122.659822470667 2974.9073748027713
5604.96449256697 3307.539268443446 2638.853714508417
-1759.7887283291107 6891.151200107885 3093.663265417565
2122.6598224706668 7473.194284687292 2974.9073748027713
-3307.5392684434455 5604.964492566971 2638.853714508417
997.3942559386107 -7042.018597626906 3918.662265417565
-2925.3814400219003 -7196.975821064665 3799.906374802771
2676.239192160513 -5932.384576338251 3463.8527145084167
7042.018597626906 997.3942559386101 3918.662265417565
7196.975821064665 -2925.3814400219 3799.906374802771
5932.384576338251 2676.2391921605126 3463.8527145084167
-997.3942559386098 7042.018597626906 3918.662265417565
2925.3814400219017 7196.975821064664 3799.906374802771
-2676.239192160512 5932.384576338251 3463.8527145084167
-7042.018597626905 -997.3942559386093 3918.662265417565
-7196.975821064664 2925.381440021901 3799.906374802771
-5932.3845763382515 -2676.239192160512 3463.8527145084167
